\begin{table}
\begin{tabular}{ccccccccccc}
Galaxies & NGC0628 & NGC1672 & NGC3351 & NGC3627 & NGC4254 & NGC4303 & NGC4321 & NGC4535 & NGC5068 & NGC6744 \\
NGC0628 & -1.31564 & 142.621 & 30.5075 & 22.0886 & 89.9947 & 129.982 & 50.0 & 124.394 & 38.9305 & 150.078 \\
NGC1672 & 142.621 & -1.32172 & 40.1405 & 124.995 & 31.0158 & 16.9234 & 12.351 & 15.981 & 15.7575 & 21.3378 \\
NGC3351 & 30.5075 & 40.1405 & -1.32125 & 34.9892 & 7.73012 & 14.0119 & 29.3405 & 14.8808 & 2.00414 & 17.2419 \\
NGC3627 & 22.0886 & 124.995 & 34.9892 & -1.31515 & 90.254 & 127.422 & 50.0 & 113.617 & 34.4361 & 142.11 \\
NGC4254 & 89.9947 & 31.0158 & 7.73012 & 90.254 & -1.31536 & 7.51618 & 29.4311 & 11.6124 & 1.20318 & 17.9269 \\
NGC4303 & 129.982 & 16.9234 & 14.0119 & 127.422 & 7.51618 & -1.31644 & 4.21344 & 1.14472 & 0.867027 & 4.24325 \\
NGC4321 & 50.0 & 12.351 & 29.3405 & 50.0 & 29.4311 & 4.21344 & -1.31563 & 0.882696 & 5.85005 & 3.04463 \\
NGC4535 & 124.394 & 15.981 & 14.8808 & 113.617 & 11.6124 & 1.14472 & 0.882696 & -1.31804 & 2.23577 & -0.60885 \\
NGC5068 & 38.9305 & 15.7575 & 2.00414 & 34.4361 & 1.20318 & 0.867027 & 5.85005 & 2.23577 & -1.32604 & 3.14018 \\
NGC6744 & 150.078 & 21.3378 & 17.2419 & 142.11 & 17.9269 & 4.24325 & 3.04463 & -0.60885 & 3.14018 & -1.31696 \\
\end{tabular}
\end{table}
