\begin{table}
\begin{tabular}{ccccccccccc}
NGC & 0628 & 1672 & 3351 & 3627 & 4254 & 4303 & 4321 & 4535 & 5068 & 6744 \\
0628 & -1.32 & 142.62 & 30.51 & 22.09 & 89.99 & 129.98 & 50.0 & 124.39 & 38.93 & 150.08 \\
1672 & 142.62 & -1.32 & 40.14 & 125.0 & 31.02 & 16.92 & 12.35 & 15.98 & 15.76 & 21.34 \\
3351 & 30.51 & 40.14 & -1.32 & 34.99 & 7.73 & 14.01 & 29.34 & 14.88 & 2.0 & 17.24 \\
3627 & 22.09 & 125.0 & 34.99 & -1.32 & 90.25 & 127.42 & 50.0 & 113.62 & 34.44 & 142.11 \\
4254 & 89.99 & 31.02 & 7.73 & 90.25 & -1.32 & 7.52 & 29.43 & 11.61 & 1.2 & 17.93 \\
4303 & 129.98 & 16.92 & 14.01 & 127.42 & 7.52 & -1.32 & 4.21 & 1.14 & 0.87 & 4.24 \\
4321 & 50.0 & 12.35 & 29.34 & 50.0 & 29.43 & 4.21 & -1.32 & 0.88 & 5.85 & 3.04 \\
4535 & 124.39 & 15.98 & 14.88 & 113.62 & 11.61 & 1.14 & 0.88 & -1.32 & 2.24 & -0.61 \\
5068 & 38.93 & 15.76 & 2.0 & 34.44 & 1.2 & 0.87 & 5.85 & 2.24 & -1.33 & 3.14 \\
6744 & 150.08 & 21.34 & 17.24 & 142.11 & 17.93 & 4.24 & 3.04 & -0.61 & 3.14 & -1.32 \\
\end{tabular}
\end{table}
