\begin{table}
\begin{tabular}{ccccccccccc}
NGC & 0628 & 1672 & 3351 & 3627 & 4254 & 4303 & 4321 & 4535 & 5068 & 6744 \\
0628 & -1.32 & 58.96 & 39.06 & 101.73 & 53.11 & 1.68 & 72.63 & 76.13 & 0.52 & 28.48 \\
1672 & 58.96 & -1.32 & 3.83 & 139.04 & 8.72 & 41.34 & 7.36 & -0.32 & 33.69 & 15.49 \\
3351 & 39.06 & 3.83 & -1.32 & 124.28 & 1.5 & 22.93 & -0.6 & 5.81 & 26.24 & 3.17 \\
3627 & 101.73 & 139.04 & 124.28 & -1.32 & 50.0 & 102.77 & 50.0 & 182.79 & 18.58 & 159.81 \\
4254 & 53.11 & 8.72 & 1.5 & 50.0 & -1.32 & 26.94 & 1.72 & 11.51 & 22.78 & 1.78 \\
4303 & 1.68 & 41.34 & 22.93 & 102.77 & 26.94 & -1.32 & 39.94 & 51.89 & 2.78 & 12.5 \\
4321 & 72.63 & 7.36 & -0.6 & 50.0 & 1.72 & 39.94 & -1.32 & 11.81 & 32.34 & 4.47 \\
4535 & 76.13 & -0.32 & 5.81 & 182.79 & 11.51 & 51.89 & 11.81 & -1.32 & 33.29 & 20.06 \\
5068 & 0.52 & 33.69 & 26.24 & 18.58 & 22.78 & 2.78 & 32.34 & 33.29 & -1.33 & 17.12 \\
6744 & 28.48 & 15.49 & 3.17 & 159.81 & 1.78 & 12.5 & 4.47 & 20.06 & 17.12 & -1.32 \\
\end{tabular}
\end{table}
