\begin{table}
\begin{tabular}{ccccccccccc}
Galaxies & NGC0628 & NGC1672 & NGC3351 & NGC3627 & NGC4254 & NGC4303 & NGC4321 & NGC4535 & NGC5068 & NGC6744 \\
NGC0628 & -1.31564 & 58.9603 & 39.0602 & 101.725 & 53.1136 & 1.68073 & 72.6297 & 76.1292 & 0.520809 & 28.4794 \\
NGC1672 & 58.9603 & -1.32172 & 3.83477 & 139.04 & 8.72238 & 41.3385 & 7.36364 & -0.322765 & 33.6851 & 15.492 \\
NGC3351 & 39.0602 & 3.83477 & -1.32125 & 124.275 & 1.50233 & 22.9255 & -0.600448 & 5.8104 & 26.2389 & 3.16888 \\
NGC3627 & 101.725 & 139.04 & 124.275 & -1.31515 & 50.0 & 102.768 & 50.0 & 182.789 & 18.5849 & 159.806 \\
NGC4254 & 53.1136 & 8.72238 & 1.50233 & 50.0 & -1.31536 & 26.9404 & 1.72209 & 11.5105 & 22.7767 & 1.77686 \\
NGC4303 & 1.68073 & 41.3385 & 22.9255 & 102.768 & 26.9404 & -1.31644 & 39.9422 & 51.8943 & 2.7849 & 12.5023 \\
NGC4321 & 72.6297 & 7.36364 & -0.600448 & 50.0 & 1.72209 & 39.9422 & -1.31563 & 11.8061 & 32.3437 & 4.47487 \\
NGC4535 & 76.1292 & -0.322765 & 5.8104 & 182.789 & 11.5105 & 51.8943 & 11.8061 & -1.31804 & 33.2889 & 20.0577 \\
NGC5068 & 0.520809 & 33.6851 & 26.2389 & 18.5849 & 22.7767 & 2.7849 & 32.3437 & 33.2889 & -1.32604 & 17.1203 \\
NGC6744 & 28.4794 & 15.492 & 3.16888 & 159.806 & 1.77686 & 12.5023 & 4.47487 & 20.0577 & 17.1203 & -1.31696 \\
\end{tabular}
\end{table}
