\begin{table}
\begin{tabular}{ccccccccccc}
NGC & 0628 & 1672 & 3351 & 3627 & 4254 & 4303 & 4321 & 4535 & 5068 & 6744 \\
0628 & -1.32 & 48.9 & 0.03 & 38.18 & 31.14 & 120.86 & 99.2 & 23.06 & 53.02 & 83.1 \\
1672 & 48.9 & -1.32 & 21.65 & 8.72 & 11.69 & 0.16 & 2.23 & 6.45 & 2.41 & 2.82 \\
3351 & 0.03 & 21.65 & -1.32 & 10.08 & 7.85 & 45.92 & 37.39 & 7.89 & 31.98 & 36.63 \\
3627 & 38.18 & 8.72 & 10.08 & -1.32 & 1.15 & 34.12 & 30.81 & 2.8 & 15.36 & 26.82 \\
4254 & 31.14 & 11.69 & 7.85 & 1.15 & -1.32 & 40.17 & 31.66 & 2.32 & 17.36 & 27.46 \\
4303 & 120.86 & 0.16 & 45.92 & 34.12 & 40.17 & -1.32 & 10.41 & 21.97 & 2.25 & 9.57 \\
4321 & 99.2 & 2.23 & 37.39 & 30.81 & 31.66 & 10.41 & -1.32 & 10.73 & 2.53 & -0.78 \\
4535 & 23.06 & 6.45 & 7.89 & 2.8 & 2.32 & 21.97 & 10.73 & -1.32 & 11.62 & 11.25 \\
5068 & 53.02 & 2.41 & 31.98 & 15.36 & 17.36 & 2.25 & 2.53 & 11.62 & -1.33 & 1.87 \\
6744 & 83.1 & 2.82 & 36.63 & 26.82 & 27.46 & 9.57 & -0.78 & 11.25 & 1.87 & -1.32 \\
\end{tabular}
\end{table}
