\begin{table}
\begin{tabular}{ccccccccccc}
Galaxies & NGC0628 & NGC1672 & NGC3351 & NGC3627 & NGC4254 & NGC4303 & NGC4321 & NGC4535 & NGC5068 & NGC6744 \\
NGC0628 & -1.31564 & 48.8963 & 0.0283884 & 38.182 & 31.1362 & 120.86 & 99.2009 & 23.0646 & 53.0236 & 83.1043 \\
NGC1672 & 48.8963 & -1.32172 & 21.6481 & 8.72493 & 11.6871 & 0.160687 & 2.22795 & 6.44959 & 2.41469 & 2.818 \\
NGC3351 & 0.0283884 & 21.6481 & -1.32125 & 10.0753 & 7.84876 & 45.9156 & 37.389 & 7.89084 & 31.9783 & 36.6262 \\
NGC3627 & 38.182 & 8.72493 & 10.0753 & -1.31515 & 1.15157 & 34.1235 & 30.8149 & 2.80389 & 15.3616 & 26.8233 \\
NGC4254 & 31.1362 & 11.6871 & 7.84876 & 1.15157 & -1.31536 & 40.1669 & 31.662 & 2.31617 & 17.3626 & 27.4591 \\
NGC4303 & 120.86 & 0.160687 & 45.9156 & 34.1235 & 40.1669 & -1.31644 & 10.4147 & 21.9718 & 2.24917 & 9.57304 \\
NGC4321 & 99.2009 & 2.22795 & 37.389 & 30.8149 & 31.662 & 10.4147 & -1.31563 & 10.7279 & 2.53326 & -0.779912 \\
NGC4535 & 23.0646 & 6.44959 & 7.89084 & 2.80389 & 2.31617 & 21.9718 & 10.7279 & -1.31804 & 11.618 & 11.2489 \\
NGC5068 & 53.0236 & 2.41469 & 31.9783 & 15.3616 & 17.3626 & 2.24917 & 2.53326 & 11.618 & -1.32604 & 1.86933 \\
NGC6744 & 83.1043 & 2.818 & 36.6262 & 26.8233 & 27.4591 & 9.57304 & -0.779912 & 11.2489 & 1.86933 & -1.31696 \\
\end{tabular}
\end{table}
